Исходный массив: [2, 1, 6, 3, 9, 24, 5, 0]
Промежуточный результат 1 итерации [2, 1, 6, 3, 9, 24, 5, 0]
Промежуточный результат 1 итерации [1, 2, 6, 3, 9, 24, 5, 0]
Промежуточный результат 1 итерации [1, 2, 3, 6, 9, 24, 5, 0]
Промежуточный результат 1 итерации [1, 2, 3, 6, 9, 5, 24, 0]
Промежуточный результат 2 итерации [1, 2, 3, 6, 9, 5, 0, 24]
Промежуточный результат 2 итерации [1, 2, 3, 6, 5, 9, 0, 24]
Промежуточный результат 3 итерации [1, 2, 3, 6, 5, 0, 9, 24]
Промежуточный результат 3 итерации [1, 2, 3, 5, 6, 0, 9, 24]
Промежуточный результат 4 итерации [1, 2, 3, 5, 0, 6, 9, 24]
Промежуточный результат 5 итерации [1, 2, 3, 0, 5, 6, 9, 24]
Промежуточный результат 6 итерации [1, 2, 0, 3, 5, 6, 9, 24]
Промежуточный результат 7 итерации [1, 0, 2, 3, 5, 6, 9, 24]
Отсортированный массив: [0, 1, 2, 3, 5, 6, 9, 24]